87.046946	40.024506	0.323858	-0.380941
66.333807	3.621309	0.468062	-0.175836
59.487400	119.574883	0.029129	0.499151
36.545373	122.918894	-0.167063	0.471264
12.228846	78.270984	0.177509	0.467430
51.807335	26.598227	-0.034149	0.498833
46.144100	83.070363	0.160014	0.473704
74.925868	4.990759	-0.295735	-0.403163
53.526888	28.151007	-0.131082	0.482512
87.814993	95.474820	-0.447227	-0.223580
33.308005	38.237501	-0.499491	0.022551
87.960381	8.635856	0.029524	-0.499128
88.695358	92.994593	-0.452915	-0.211821
51.826261	126.751222	-0.335958	-0.370314
5.060729	53.356563	0.451264	-0.215316
97.109021	73.987711	-0.293612	0.404712
90.357361	87.606818	0.285701	-0.410335
16.150191	21.154220	-0.452980	0.211682
46.265274	115.004051	-0.274133	0.418152
59.353935	41.255694	-0.091240	0.491605
42.499035	95.306620	0.182400	-0.465543
66.687192	3.129936	0.483869	-0.125979
106.032800	30.819317	0.198566	0.458881
100.380106	73.169099	-0.459622	0.196844
63.248718	6.083684	-0.483160	0.128670
102.590832	74.925425	-0.035221	0.498758
64.270504	0.107739	-0.145792	0.478273
86.507050	42.710634	-0.290906	0.406662
54.866100	77.819971	-0.438825	0.239652
87.166534	98.870263	-0.483367	-0.127890
65.541607	48.935693	0.495741	-0.065123
69.867371	107.970712	-0.359501	-0.347504
68.029052	102.015398	0.192681	0.461383
37.997767	44.758327	0.486133	0.116937
35.690656	38.797442	0.497959	0.045127
1.068746	112.627567	-0.499889	0.010546
50.577880	16.377303	0.080089	-0.493544
96.296487	73.386848	-0.362598	0.344272
47.981796	59.413725	-0.234212	0.441752
10.276733	111.334639	-0.262304	-0.425672
45.356459	120.798457	0.482902	-0.129638
62.221906	49.077973	-0.488227	0.107864
24.426653	122.655628	-0.216704	0.450599
122.143823	110.493604	0.495291	-0.068460
117.278934	69.974386	-0.468809	-0.173833
92.576794	78.995556	0.418735	0.273241
65.748743	6.662288	-0.499415	-0.024177
71.797671	78.040479	-0.330287	0.375381
90.093358	60.466026	0.001887	-0.499996
94.586548	3.804940	0.472973	-0.162163
41.105540	63.136681	0.493819	-0.078376
87.842516	120.535748	-0.477519	0.148242
109.511263	71.206422	0.346449	-0.360518
10.224326	47.482074	0.363991	-0.342798
88.173597	92.460320	-0.407077	-0.290325
44.416974	55.441968	0.335267	-0.370940
126.762921	63.271154	-0.452224	0.213292
110.242574	40.967299	-0.071500	-0.494861
107.930658	127.538896	0.135117	-0.481397
127.820044	63.623308	-0.403660	0.295057
107.310900	121.888182	-0.445089	0.227806
103.623507	64.072131	0.273587	0.418510
0.251570	64.095752	-0.439615	0.238200
123.989677	30.323729	-0.141414	0.479585
9.097941	36.241211	-0.156535	-0.474865
4.698943	119.809833	0.215184	-0.451327
52.329924	29.920805	-0.382626	0.321865
52.981743	119.683751	0.387539	-0.315933
25.148915	63.751709	-0.498482	0.038933
82.393349	51.512387	0.408150	-0.288814
106.752686	55.383030	-0.232219	0.442803
61.937220	88.984132	-0.320088	-0.384114
56.129583	85.637794	0.156157	-0.474989
63.030055	88.638275	-0.427326	-0.259601
78.164433	77.878379	-0.160311	0.473603
68.377589	70.145672	0.477669	-0.147758
86.613823	40.888300	-0.424553	0.264112
103.907113	42.817227	-0.499171	0.028786
97.019438	115.401103	-0.493666	0.079335
76.961906	18.602952	-0.330471	-0.375219
6.306719	102.230053	-0.315052	0.388255
110.450002	71.366044	0.377485	-0.327880
45.010857	28.450595	0.426939	0.260237
101.049957	41.456134	0.124158	0.484340
52.051994	51.252184	-0.403616	-0.295117
54.799552	123.450427	-0.137749	0.480651
50.839958	7.373566	0.039453	-0.498441
55.674591	50.127940	-0.410782	0.285059
15.770796	73.284507	-0.465892	0.181508
124.717773	52.397446	0.484313	-0.124262
121.844492	6.790117	0.186396	0.463958
62.939017	118.517762	-0.162893	-0.472722
105.247010	120.360796	-0.472734	-0.162857
127.385989	106.848666	0.309455	0.392731
91.975570	65.808261	-0.346070	0.360882
109.076465	56.048567	0.363024	-0.343822
35.520107	5.856272	0.030484	-0.499070
27.574757	83.889950	-0.436591	-0.243697
71.083945	110.471177	-0.493412	0.080896
46.588476	126.548960	-0.191808	0.461746
108.908243	56.436340	0.266590	-0.423001
50.004202	91.123323	-0.099513	0.489997
20.302995	124.672918	-0.329590	-0.375992
87.347248	95.272383	-0.482475	-0.131217
112.295727	31.923218	0.456221	-0.204602
99.049072	26.259320	0.381747	0.322907
109.457632	59.970855	0.447174	-0.223686
86.973921	91.756833	0.389471	-0.313548
36.092273	69.602677	-0.476518	0.151428
87.672899	94.073029	-0.433665	-0.248867
86.825933	43.963289	-0.420955	0.269808
62.569907	59.713701	-0.130593	0.482644
78.426871	18.458319	-0.346793	-0.360187
75.155836	41.855910	0.366330	0.340297
45.097990	48.522556	-0.470525	0.169134
23.080174	118.355512	-0.499980	-0.004507
30.000089	122.735805	-0.328193	0.377212
59.617309	86.794492	0.043200	-0.498130
33.063121	113.710982	0.492723	0.084992
110.098524	11.989852	0.237423	-0.440035
65.789076	8.537904	-0.492708	0.085083
123.333899	29.981437	-0.177856	0.467298
6.833568	94.422577	0.114035	0.486822
32.223357	1.548072	-0.136334	-0.481054
34.187210	38.072527	-0.497927	0.045488
61.849770	50.652329	0.481493	-0.134774
72.246271	105.367965	0.366962	0.339616
8.943358	13.307203	0.484604	-0.123122
8.126752	114.475372	0.487225	-0.112301
69.138708	37.233948	-0.267026	0.422726
42.423814	68.124853	-0.019596	0.499616
39.438639	25.020517	0.181264	-0.465986
79.482019	38.164481	-0.479470	-0.141805
7.219857	9.524595	0.489292	-0.102922
109.039835	52.834754	0.140001	-0.480000
24.201648	4.294130	0.481626	0.134300
47.469943	122.462629	0.438947	-0.239427
125.520534	64.870957	-0.393949	0.307903
11.558367	4.580261	0.479145	-0.142897
84.040056	73.093507	0.408519	-0.288292
124.793383	106.221635	0.176388	-0.467854
103.822711	20.675484	-0.258096	0.428236
71.500934	88.361313	0.498860	-0.033748
84.524373	103.378020	-0.478036	0.146565
59.932181	42.172528	-0.053113	0.497171
119.873714	105.998015	-0.498968	0.032109
89.840018	84.423123	0.483941	0.125703
34.733507	105.042705	-0.481472	0.134852
41.214653	50.904854	0.391795	-0.310639
37.510142	75.356184	-0.126984	0.483606
96.737809	8.124588	0.162930	-0.472709
11.031980	36.667991	-0.118636	-0.485722
16.609200	78.921740	-0.031924	-0.498980
115.785215	105.828370	0.328421	-0.377014
25.895459	97.270080	0.458879	-0.198570
58.663027	105.420063	0.489257	-0.103090
6.739832	124.086344	-0.009701	-0.499906
23.859956	86.911935	-0.091978	0.491467
54.185242	64.444789	-0.439869	0.237729
124.518251	43.574658	0.168367	-0.470800
123.985299	11.738488	0.466726	-0.179350
95.907946	37.369899	0.350330	-0.356747
4.083409	113.971798	-0.351565	-0.355530
41.285830	115.809419	-0.499518	-0.021958
98.471071	75.835610	-0.177625	0.467386
39.252759	17.420624	0.499624	0.019398
29.426501	33.439806	0.499314	-0.026178
99.938288	27.616561	0.147190	-0.477844
18.419735	81.844170	0.367694	-0.338823
87.250272	99.043531	-0.478650	-0.144547
122.464686	54.272831	0.312084	-0.390645
12.716778	19.304814	-0.498184	-0.042581
56.741585	8.172584	0.324971	-0.379992
88.379874	9.511700	-0.052645	-0.497221
66.428680	2.676727	0.497533	-0.049608
61.932798	26.183860	0.495329	-0.068187
95.153865	28.414819	0.489191	0.103401
49.505698	103.506594	0.494775	-0.072092
29.069342	83.396990	-0.239854	-0.438714
14.291597	53.840918	0.017543	-0.499692
124.305913	52.057545	0.436620	-0.243646
6.567189	5.173114	0.374835	-0.330906
52.832454	126.738687	-0.366070	-0.340577
33.452735	122.615490	-0.212297	0.452692
89.195960	82.190050	-0.103135	-0.489248
22.451900	39.501811	0.362157	-0.344735
114.455694	52.742954	0.069705	-0.495117
114.150839	72.775828	0.290865	0.406691
63.349289	15.443450	-0.451381	0.215069
100.077636	123.747852	-0.474104	-0.158824
78.748136	79.479896	-0.084020	0.492890
23.540879	15.515422	-0.499887	0.010618
89.568843	60.091289	0.031139	-0.499029
109.693442	56.560352	0.359729	-0.347268
91.050188	79.399564	0.042312	-0.498206
90.020909	92.849582	-0.295789	-0.403124
125.667738	65.898493	-0.439047	0.239244
65.232226	4.383610	0.492912	-0.083893
109.642325	35.339398	-0.244164	0.436330
35.201297	121.411482	-0.445091	0.227803
125.501519	2.274330	-0.490410	0.097460
108.824463	39.911152	-0.063457	0.495957
73.535840	78.818448	-0.116045	0.486347
30.244256	117.670178	0.201117	0.457768
52.504912	127.786164	-0.450540	-0.216827
55.653405	40.207396	-0.067948	0.495362
15.021396	58.428926	0.371657	0.334472
90.229949	121.875471	-0.483928	0.125754
23.053416	84.139905	0.131951	0.482275
107.831905	30.525165	0.252871	-0.431342
108.564725	63.704716	0.419286	-0.272396
42.320877	94.942219	0.130172	-0.482758
106.274347	58.690084	-0.466270	0.180533
87.348535	43.421085	-0.336663	0.369673
7.234369	17.965414	-0.421044	-0.269670
41.946596	96.369727	-0.159954	0.473724
70.294246	52.510657	0.361058	-0.345886
11.791363	50.596856	0.482183	-0.132286
97.526951	102.720159	0.365989	0.340664
39.601557	14.437321	-0.499982	0.004264
81.418961	6.225177	0.071035	-0.494928
16.052129	70.431528	-0.242727	0.437131
88.916857	121.313947	-0.457427	0.201893
60.155584	69.481352	-0.266629	0.422976
111.719027	32.053204	0.451095	-0.215669
2.650996	93.420380	-0.496880	0.055767
23.652580	124.834441	0.491902	0.089625
69.927918	42.207237	0.205569	0.455787
49.303618	90.144152	-0.227593	0.445198
88.333860	86.789420	0.370100	-0.336193
28.827389	82.804894	-0.137364	0.480761
122.020429	52.448487	0.262056	-0.425825
101.483660	4.877825	-0.039877	0.498407
65.334190	52.346698	-0.408444	0.288398
91.781833	76.847254	-0.462051	-0.191074
95.870621	30.180543	-0.031097	0.499032
45.477525	102.409479	-0.444859	-0.228255
35.644583	119.554163	-0.140593	0.479827
41.788673	94.795220	-0.188588	0.463071
116.709306	54.456312	0.168672	-0.470691
30.910377	124.370319	-0.365261	0.341444
86.832221	43.491058	-0.402056	0.297239
45.019852	37.379973	-0.474683	-0.157085
76.337681	17.376643	-0.497475	-0.050189
46.150716	97.560134	-0.499784	0.014694
89.560002	124.459513	-0.491341	0.092650
8.538696	30.588485	-0.498107	0.043464
96.185113	72.265257	-0.392197	0.310132
46.231390	31.316558	0.323306	-0.381410
87.604635	9.451204	0.017169	-0.499705
112.537850	15.964752	-0.428868	-0.257045
23.056543	120.621757	0.205322	-0.455898
9.416685	15.953476	0.454268	0.208904
0.985074	113.125456	-0.498049	-0.044127
83.227326	53.990401	0.471966	-0.165069
92.122244	115.504612	-0.387560	0.315907
50.601738	96.437305	-0.118689	0.485709
6.466283	48.326388	0.139585	0.480121
89.296834	121.821735	-0.480083	0.139715
117.861671	4.871561	0.046540	0.497829
49.949920	15.918632	0.106652	-0.488493
39.200196	127.365302	-0.361398	0.345531
10.136059	48.480257	0.409188	-0.287341
22.490888	51.480498	0.486205	-0.116639
12.693735	48.663092	0.287024	-0.409411
52.565114	127.977353	0.428579	0.257527
96.189229	80.301978	-0.488503	0.106607
77.797691	81.448596	0.104799	0.488894
52.120913	127.381819	-0.354121	-0.352985
117.522675	89.702407	-0.144475	-0.478672
113.888886	85.874984	0.489932	-0.099835
56.159048	49.850552	-0.373327	0.332606
31.214262	124.695429	-0.334835	0.371330
89.522249	91.700526	-0.433263	-0.249566
10.325964	117.134970	0.452533	-0.212636
66.485933	4.658718	0.499627	0.019322
53.599777	95.593642	0.382450	-0.322074
117.683465	50.741321	-0.046873	-0.497798
28.259055	8.477216	-0.499618	-0.019545
47.236057	1.620106	0.498812	-0.034448
21.195995	89.602212	0.338649	-0.367854
28.055491	123.078281	-0.214063	0.451860
36.754770	78.193320	-0.424534	-0.264142
100.904113	85.348683	-0.202948	0.456960
54.920403	85.165685	0.244620	-0.436075
52.109467	38.170110	-0.318434	0.385487
54.779201	97.926229	0.208675	-0.454373
66.969239	2.168917	0.459074	-0.198120
92.929951	55.550772	-0.157695	0.474481
122.545113	105.672745	-0.482170	-0.132333
29.574191	34.151223	0.499930	0.008349
123.054428	92.262098	-0.277255	-0.416089
16.634367	58.624516	0.499472	-0.022962
65.070339	83.493568	-0.499140	-0.029309
58.098371	68.338968	-0.492064	0.088728
94.009579	99.832482	-0.397032	-0.303917
77.755747	24.908890	-0.487470	-0.111232
108.026772	29.865473	0.274313	-0.418034
105.985128	9.745232	0.153991	-0.475696
76.896305	31.462865	-0.439756	-0.237939
125.363734	66.472156	-0.348528	0.358508
77.611153	89.806926	-0.430027	0.255102
52.937390	126.183220	-0.375616	-0.330019
16.798192	78.964675	0.012453	-0.499845
126.292253	16.232684	0.476015	0.153004
59.903721	68.647197	-0.110583	0.487618
87.279631	87.798463	0.462504	-0.189973
49.599278	15.671033	0.161558	-0.473180
27.770169	37.242107	0.488009	0.108847
57.497366	50.523411	-0.313022	0.389894
9.502075	112.608622	0.497915	0.045615
47.079654	121.677738	0.429915	-0.255291
78.362843	79.518585	-0.010357	0.499893
63.503099	44.271894	-0.030347	0.499078
55.750305	31.896995	-0.093860	-0.491111
10.138502	48.875338	0.430052	-0.255059
41.900071	102.857742	-0.322128	0.382405
60.012330	41.507633	-0.034642	0.498799
52.951033	27.614150	-0.249108	0.433526
36.705260	48.379832	-0.084660	0.492781
72.859292	3.963556	0.452411	0.212896
118.276612	51.418136	-0.283086	-0.412143
62.310622	74.072298	-0.448469	0.221079
71.556375	77.656683	-0.349566	0.357497
66.876932	44.553846	0.452430	0.212854
91.722560	77.557389	0.431295	0.252953
103.795433	80.331932	0.465551	-0.182380
45.772613	82.662324	0.167021	0.471279
50.742384	115.612027	0.331101	-0.374663
96.316585	30.455553	-0.131102	0.482506
54.009573	94.980191	0.257036	-0.428874
59.371820	27.270703	0.453479	-0.210610
62.167910	2.331858	0.385525	-0.318388
52.514447	27.872703	-0.225143	0.446442
72.791310	47.207257	-0.383109	0.321290
87.060426	93.203220	-0.438680	-0.239917
35.085536	105.860073	-0.429589	0.255838
114.717846	52.191941	0.028492	-0.499188
61.138187	4.006138	-0.313495	0.389514
78.429104	33.906880	-0.458079	-0.200408
35.081627	105.183032	-0.486621	0.114890
111.205475	41.471547	0.087836	-0.492224
25.903496	66.045962	0.375935	-0.329655
52.846140	78.997220	-0.484274	0.124412
108.222339	56.324047	0.277831	-0.415704
83.877158	89.127307	-0.419741	0.271694
120.264888	55.454306	-0.304138	0.396863
42.186642	67.696936	-0.087958	0.492203
43.886840	96.395603	-0.038468	0.498518
38.338731	127.703347	-0.382483	0.322036
17.735892	118.244895	0.379008	0.326119
99.098144	60.555376	0.124313	-0.484300
77.282371	25.500172	0.147766	0.477666
19.585058	115.266556	-0.492418	0.086742
71.671057	93.749911	0.481111	0.136134
82.601253	31.314833	0.311994	-0.390717
38.965499	126.536966	-0.359809	0.347185
81.490748	108.631015	-0.495690	-0.065509
101.626090	107.128946	0.042105	-0.498224
38.952991	106.125273	0.138148	-0.480536
8.352841	13.667037	0.484847	-0.122160
50.146295	117.437686	0.250129	-0.432938
114.814451	108.943098	-0.308706	0.393320
98.172113	60.659326	0.028616	-0.499180
63.576131	57.740650	-0.273272	-0.418715
46.372257	125.512782	-0.284892	0.410897
125.212137	86.240912	0.063863	0.495905
24.121423	28.382623	0.043227	-0.498128
63.417164	97.277704	0.484439	0.123769
1.135600	49.805981	0.489501	-0.101926
44.898768	102.636881	-0.485420	-0.119864
77.778747	88.102494	-0.478440	0.145241
13.530289	79.118989	0.496270	-0.060963
127.877246	13.514530	0.404574	0.293803
86.551641	42.916499	-0.334753	0.371403
43.684602	82.616508	-0.069325	0.495171
106.950387	9.626394	0.100885	-0.489716
89.644868	64.221416	-0.493641	0.079488
23.192316	16.098628	-0.498716	0.035812
84.681805	107.709867	-0.489832	0.100323
71.798803	74.251618	0.254500	-0.430383
61.804248	49.916145	0.487293	-0.112008
28.251753	123.640299	-0.360257	0.346721
22.917120	15.432791	-0.485109	0.121117
82.316672	69.048117	0.389265	0.313803
12.908568	39.531218	-0.470426	0.169408
55.611385	77.370264	-0.457272	0.202243
122.975232	85.240103	-0.257877	0.428368
58.637010	65.029279	-0.190933	0.462109
112.452009	31.737803	0.442338	-0.233104
42.127541	48.975405	0.219611	-0.449190
97.673893	109.050062	-0.001098	0.499999
119.495871	121.279058	-0.427469	0.259365
0.106171	62.177677	-0.419637	0.271855
32.106359	65.507804	0.410216	-0.285871
28.449475	113.500431	-0.213141	0.452295
67.990498	55.443637	-0.412995	0.281843
55.998753	84.507684	0.121700	-0.484963
34.887684	64.485958	0.240699	-0.438251
90.853951	122.651953	-0.422599	0.267227
97.136565	16.851014	0.130544	0.482658
88.060734	120.806042	-0.495831	0.064436
116.132036	107.892437	-0.461585	0.192195
29.729674	123.582448	-0.312798	0.390073
124.456995	52.139699	0.413352	-0.281318
99.665816	25.504396	-0.385491	-0.318429
88.079804	86.522954	0.339174	-0.367371
125.202183	86.923495	0.186385	-0.463962
35.886113	123.525196	-0.036470	0.498668
71.816481	88.130186	0.499373	-0.025035
51.407406	37.828169	-0.320224	0.384001
63.208016	55.251434	0.006610	0.499956
56.686317	71.862140	0.447754	-0.222522
108.916454	72.331449	0.172641	-0.469249
16.054971	84.808658	-0.455188	0.206892
19.236020	115.640059	0.400417	-0.299444
58.755882	77.148224	-0.183401	0.465150
121.313866	101.996963	-0.441351	-0.234967
53.624446	96.150432	0.377907	-0.327393
50.673511	5.793257	0.223479	-0.447278
54.605624	98.325393	0.188358	-0.463164
81.795245	43.501587	-0.267675	-0.422315
36.713252	11.944526	-0.350514	-0.356566
60.934525	67.014487	0.030155	0.499090
27.974897	112.487440	-0.197780	0.459220
2.874645	67.040593	-0.466930	0.178818
41.964770	94.928686	0.253337	-0.431069
111.148018	59.792039	0.299865	-0.400101
105.060222	89.822537	0.296152	0.402857
51.820174	126.433098	-0.283545	-0.411828
126.588286	56.889201	-0.003564	0.499987
92.432747	76.213609	-0.465982	-0.181276
64.969834	53.969572	-0.070696	0.494977
86.475974	32.127839	0.363173	-0.343664
2.558652	92.507030	-0.499339	-0.025694
125.157337	63.997026	-0.472012	0.164940
15.970435	98.218523	-0.363762	-0.343041
61.161955	47.664122	0.395576	-0.305809
104.237104	93.620945	0.499470	0.023011
85.449040	107.063860	-0.499966	0.005866
10.216597	117.354534	0.430209	-0.254794
124.628937	105.716873	0.213620	-0.452069
115.312465	107.942164	-0.410868	0.284934
37.854917	127.883562	-0.419901	0.271446
98.996635	118.408335	0.006138	-0.499962
103.115910	37.012898	0.490921	0.094851
88.666578	91.794176	-0.392759	-0.309420
104.200763	18.779493	-0.422472	0.267428
85.592102	94.718878	-0.185033	-0.464503
72.260947	23.176761	-0.136380	-0.481041
99.638603	28.451859	0.164201	-0.472269
8.106731	13.600215	0.491105	-0.093894
126.088486	94.688313	0.451137	0.215581
89.589826	92.253114	-0.363186	-0.343651
61.429239	79.709538	0.454823	0.207693
35.521094	30.810955	0.150346	0.476861
78.561145	4.975549	0.153513	0.475851
55.075120	123.726169	-0.149278	0.477196
127.889483	13.179355	0.433977	0.248322
3.653656	46.768822	-0.238140	0.439647
96.250022	72.209718	-0.275862	0.417013
53.062179	92.236880	0.484078	0.125172
35.500446	62.820977	0.488426	-0.106958
32.024437	65.642925	0.337311	-0.369082
8.647740	101.584091	0.119531	0.485502
35.576319	115.669546	0.434037	-0.248217
10.886752	50.927437	0.474705	-0.157019
8.648575	107.038955	-0.290001	0.407308
4.220801	112.373807	-0.343287	0.363530
84.254432	65.808172	0.073590	-0.494555
88.269136	6.529679	-0.477953	0.146838
17.363607	91.333753	0.033783	-0.498857
60.362203	51.879133	0.024803	-0.499384
35.306347	87.110698	0.027131	-0.499263
61.743343	49.782024	0.464989	-0.183806
6.764449	49.626160	0.296916	0.402295
66.593166	4.789012	0.499594	-0.020144
10.865276	25.971728	-0.320910	-0.383427
88.430275	95.530712	-0.487763	-0.109942
30.621749	18.067075	0.242973	-0.436994
97.020220	7.395045	0.055028	-0.496963
8.978271	9.364845	0.499995	-0.002247
127.135999	43.260925	0.254112	-0.430612
102.983526	93.990440	0.487928	-0.109209
84.731038	108.479450	-0.498136	-0.043131
64.941675	87.955795	-0.103454	-0.489180
63.118213	119.416041	-0.295322	-0.403466
17.265712	91.351110	0.046178	-0.497863
48.791959	33.534479	0.163480	0.472519
79.925017	86.590360	0.289461	0.407691
74.715101	6.591940	-0.073308	-0.494597
112.984092	32.143185	0.356324	-0.350761
96.515148	38.821914	-0.138068	0.480559
33.958357	123.024680	-0.271092	0.420130
85.517994	18.663196	0.499886	0.010686
96.336879	73.029744	-0.241451	0.437837
94.106348	72.797147	0.378739	0.326430
84.811897	102.644014	-0.498130	-0.043205
89.513458	121.179592	0.464905	-0.184020
67.975669	21.077404	0.393858	-0.308020
7.251536	4.445340	0.462208	-0.190692
71.428329	93.283228	0.484960	0.121711
82.499011	43.198948	-0.230608	-0.443644
126.034703	102.637184	-0.291805	0.406017
108.637733	85.816371	0.213143	0.452294
50.243899	75.179587	0.006545	0.499957
95.521534	73.336339	-0.355704	0.351389
82.259948	26.321112	0.479152	-0.142876
75.831796	5.830014	-0.362034	-0.344864
19.033605	27.869771	0.083109	-0.493044
18.254112	126.489773	0.485849	0.118113
51.759860	115.809730	0.389706	-0.313256
100.671674	126.073548	-0.072983	-0.494645
1.607588	50.404974	0.488424	-0.106966
69.273192	37.978787	-0.297810	0.401633
64.090976	51.445031	-0.493173	0.082344
54.486707	64.376919	-0.464660	0.184639
91.318602	42.259570	-0.236734	0.440406
62.515010	59.615454	-0.010421	0.499891
113.807426	52.173493	0.174036	-0.468734
83.734289	50.664003	-0.094247	-0.491037
15.743083	57.732684	0.309971	0.392324
122.334119	52.615989	0.278922	-0.414973
27.147212	41.006213	-0.499990	0.003210
53.064138	127.146154	-0.464264	-0.185630
89.674335	10.105745	-0.434025	0.248238
10.300575	14.359644	-0.018424	-0.499660
22.725180	39.810329	0.249537	-0.433280
55.126531	99.568229	0.285975	-0.410144
52.284724	127.515081	0.418581	0.273477
118.846085	65.481974	0.083528	-0.492974
92.528311	119.930658	-0.475100	0.155821
65.838957	2.774500	0.487059	-0.113020
23.675360	39.469722	-0.463495	-0.187542
17.124341	58.507099	0.476666	0.150962
86.020509	41.413406	-0.288634	0.408277
122.839724	85.294321	-0.252064	0.431814
62.665548	18.950563	-0.249053	-0.433558
49.405083	102.240578	0.498630	0.036985
64.333715	92.856566	0.060396	-0.496339
43.299211	117.474664	0.206393	-0.455414
57.990679	89.009750	-0.372722	-0.333284
86.654033	42.899266	-0.319630	0.384495
36.146821	12.673253	0.090172	-0.491802
10.568686	113.129559	0.497524	-0.049702
49.186037	103.725618	0.497003	0.054660
99.298650	60.239351	0.229429	-0.444255
6.757582	43.069696	0.303506	0.397347
98.111745	76.692496	-0.119940	0.485401
102.931019	120.505925	0.304060	0.396923
53.086736	88.369625	0.067774	-0.495385
56.304821	95.683927	0.041422	0.498281
95.146129	28.510851	0.499237	0.027606
93.289883	88.152062	0.318652	0.385306
24.295455	122.912639	0.003150	0.499990
52.003003	27.519459	-0.286414	0.409838
126.569440	65.938509	-0.356393	0.350691
51.888545	127.714065	0.368056	0.338430
64.992806	3.459434	0.498655	0.036656
18.047562	24.563311	-0.064550	-0.495816
43.421630	68.737153	0.093457	-0.491188
96.443204	36.488233	0.322843	-0.381802
106.501555	9.711400	0.065154	-0.495737
97.318066	91.580467	0.274555	0.417875
41.440923	48.348043	0.203471	-0.456727
30.084169	16.713130	0.499726	0.016546
45.158618	63.492280	0.212767	-0.452471
127.511962	64.490113	-0.456662	0.203616
50.338681	93.976077	0.285036	-0.410798
114.242562	78.319937	0.414596	-0.279482
32.809441	113.591549	0.499000	0.031604
58.792721	13.409301	0.472562	0.163356
103.030018	63.832681	0.316885	0.386761
51.591211	15.551153	0.038466	-0.498518
118.086457	80.920236	-0.453509	-0.210547
127.143069	124.214014	-0.271552	0.419833
10.425455	20.337736	0.250076	0.432969
101.978787	63.480523	0.299342	0.400493
38.456640	75.025270	-0.051255	0.497366
43.298084	43.953355	0.471672	0.165907
97.859205	104.026270	-0.353081	0.354025
25.182497	84.869106	0.184284	0.464800
19.509854	115.048080	-0.494819	0.071793
0.148486	63.245019	-0.367879	0.338622
93.164183	1.336618	-0.441540	0.234611
99.007329	28.304370	0.126278	-0.483791
66.447037	13.189591	0.332300	-0.373600
9.881296	47.946211	0.406902	-0.290570
32.699841	33.638810	0.134252	-0.481639
51.703088	93.026121	0.224017	-0.447008
43.372925	124.078306	-0.479995	0.140015
95.115184	50.028896	-0.152745	-0.476098
34.997727	5.958761	0.018603	-0.499654
78.959337	26.762584	-0.482763	-0.130152
54.565821	33.485701	-0.363646	-0.343164
108.578548	59.515844	0.484484	-0.123593
55.062312	84.496021	-0.295962	0.402997
118.174443	50.320352	-0.070103	-0.495061
91.820558	120.311995	-0.364000	0.342789
44.186923	11.549646	-0.063018	-0.496013
51.141210	81.579407	0.131924	-0.482282
106.365711	116.670135	0.064706	0.495795
52.209678	127.514153	-0.467802	-0.176526
125.720715	86.750062	0.282160	-0.412778
59.965185	67.814481	-0.219438	0.449274
60.074756	67.036959	0.060901	0.496277
7.373173	119.325412	-0.405536	0.292473
71.422888	88.983235	0.497956	0.045160
120.045324	9.525593	0.437354	-0.242325
116.134644	108.019126	-0.445280	0.227433
54.860224	84.116263	0.228764	-0.444598
22.250659	106.751278	-0.331884	-0.373969
103.435320	64.234500	0.250098	0.432956
78.703523	35.199826	-0.414912	-0.279013
22.178522	127.875462	0.495360	-0.067961
51.518227	126.789259	-0.379619	-0.325407
118.259067	4.758594	-0.043084	0.498140
64.785728	88.506648	-0.065755	-0.495657
12.397486	5.634183	0.470647	-0.168795
45.009446	38.424868	-0.483396	-0.127781
46.192788	81.714894	0.176136	0.467949
94.532283	69.657150	-0.247409	0.434498
79.292800	26.735198	-0.486293	-0.116273
106.731181	55.680645	-0.280201	0.414111
20.190121	62.111109	-0.044085	-0.498053
95.398075	61.031311	0.389232	-0.313845
93.468015	48.792868	-0.292820	0.405286
40.508518	123.161934	-0.307048	0.394615
41.101838	64.873981	0.489292	-0.102926
41.181676	83.441435	-0.407974	0.289063
9.497222	9.313807	0.493126	-0.082626
88.770849	93.000561	-0.439164	-0.239028
109.499513	99.489902	0.094878	0.490916
53.811087	88.243147	0.151977	-0.476343
11.190175	59.924450	0.243801	0.436533
126.938795	65.051032	-0.420228	0.270940
59.741619	90.029734	-0.147140	-0.477860
46.958014	124.795259	-0.310071	0.392245
35.217203	61.199252	0.315958	-0.387519
93.309319	0.737234	-0.467236	0.178019
17.667988	119.066807	0.233789	0.441976
58.103725	68.203625	-0.495285	0.068504
37.220209	41.032670	-0.195880	0.460034
11.646084	57.535665	0.323482	0.381260
11.853768	59.865959	0.025291	0.499360
59.389177	119.287656	0.070318	0.495031
6.674853	123.280941	-0.060246	-0.496357
108.686565	85.745697	0.035530	0.498736
15.825903	21.359105	-0.450898	0.216081
121.131831	52.549294	0.236532	-0.440514
124.410440	84.623746	0.024660	0.499392
102.681701	104.138500	-0.494281	-0.075408
76.997513	55.516815	0.123437	0.484524
68.403527	101.466774	0.195055	0.460384
51.078472	116.487996	0.407477	-0.289763
97.212668	73.920049	-0.357938	0.349114
98.922957	25.278051	0.236757	0.440393
33.619240	87.290107	0.485348	0.120157
24.446131	66.555201	-0.360446	0.346524
111.116909	60.185832	0.329709	-0.375888
56.954972	120.137955	-0.036416	-0.498672
35.396958	64.513587	0.278140	-0.415497
56.039365	98.707020	0.335740	-0.370512
20.189957	78.704567	-0.359463	0.347543
34.615715	55.925258	0.077497	0.493958
39.914802	122.579659	-0.321182	0.383200
36.684623	39.413784	0.495940	0.063591
40.649001	73.015068	-0.232508	0.442651
38.391735	28.495897	-0.495006	-0.070489
30.184415	124.040066	-0.335891	0.370375
27.862254	127.487150	0.314198	0.388947
101.758241	36.284250	-0.465267	-0.183102
24.519796	103.367168	0.350699	0.356385
112.600914	47.699700	0.224500	-0.446766
87.503430	6.828715	0.485081	0.121227
98.501252	0.291860	0.481392	0.135135
83.421480	25.989081	0.464827	0.184218
103.293031	37.909227	-0.054035	-0.497072
40.529991	80.587168	-0.043178	0.498132
41.992456	1.098130	-0.496322	0.060539
37.880599	127.196866	-0.417671	0.274866
121.784192	5.477546	0.155374	0.475246
125.877181	95.894059	0.119041	-0.485623
116.498514	61.081372	0.494264	0.075516
84.770357	100.858772	-0.492420	-0.086735
68.719764	20.737921	0.418642	-0.273384
57.570261	68.900154	-0.482687	-0.130435
127.383639	63.466161	-0.446864	0.224305
35.651634	38.966941	0.499989	0.003370
23.692508	122.232084	0.437467	-0.242121
86.275026	94.977151	-0.399168	-0.301106
70.720832	77.287907	-0.236343	0.440615
87.739263	122.179552	0.045807	-0.497897
63.284326	42.724584	0.158293	-0.474282
116.826510	108.292870	-0.499977	-0.004842
36.418119	118.965575	-0.054972	0.496969
16.661681	121.093700	-0.050543	0.497439
112.415593	32.863678	0.389912	-0.312999
63.428785	60.838888	0.127832	-0.483383
87.068966	68.409610	-0.372170	0.333900
51.996875	126.994873	-0.389795	-0.313145
122.507848	93.107617	-0.364450	-0.342311
13.683798	50.178144	0.269161	-0.421370
46.461833	114.306827	-0.223570	0.447232
11.189879	5.867625	0.497276	-0.052118
0.531961	8.454879	-0.499883	-0.010834
100.151006	72.402812	-0.142655	0.479218
21.330349	67.376139	0.018326	0.499664
4.303951	5.295114	0.324820	-0.380121
83.791864	52.777200	0.482137	-0.132453
39.273332	77.683173	0.098240	0.490254
49.465092	19.703971	0.485929	-0.117783
67.621937	71.896615	0.444412	-0.229125
55.825459	34.749128	0.371501	0.334644
81.179840	57.944288	-0.439651	-0.238133
9.230737	113.521416	0.496983	0.054842
49.730532	89.672431	-0.237174	0.440169
51.082350	114.991251	0.469052	-0.173177
23.883398	118.101383	-0.494312	-0.075207
7.200276	47.774294	0.250016	0.433003
76.987903	84.099860	0.495188	-0.069199
96.258565	14.208734	-0.400223	0.299703
88.045906	88.170207	0.462964	-0.188851
80.857672	50.815394	0.467710	-0.176768
3.119447	35.596814	0.418515	0.273579
52.064751	37.368401	-0.350383	0.356696
23.699154	14.945483	-0.475615	0.154242
59.114120	95.852805	0.294116	-0.404346
0.617663	112.497573	-0.497722	0.047679
99.477171	71.527337	-0.185146	0.464458
41.898211	84.900491	-0.359746	0.347250
94.254776	98.973244	-0.310568	-0.391851
32.004244	65.139652	0.442991	-0.231860
42.143040	95.561385	-0.126434	0.483750
38.927819	75.518836	0.007969	0.499936
68.058762	71.275290	0.390106	-0.312757
110.174722	10.598474	0.197561	-0.459314
109.906375	41.537718	-0.024778	-0.499386
52.810963	126.314615	-0.381490	-0.323211
43.542942	96.618762	-0.004874	0.499976
4.528896	3.716392	0.460544	-0.194678
69.608843	96.529586	-0.338395	0.368088
34.658439	111.727921	-0.478055	0.146503
45.638270	82.036689	0.148132	0.477553
49.646833	20.529233	0.394866	-0.306727
68.505395	18.668881	0.169040	-0.470559
91.459729	119.546997	-0.389991	0.312901
59.925173	66.420728	0.074326	0.494445
98.490229	56.763059	0.083847	-0.492920
76.883666	18.319014	-0.278940	-0.414961
90.187188	123.476116	-0.479424	0.141960
94.340394	69.439351	-0.268342	0.421891
62.203870	74.667063	-0.465334	0.182932
3.594364	36.013316	0.446386	0.225255
49.451012	6.219107	0.153606	-0.475821
46.880443	38.220902	-0.423384	-0.265981
57.456075	35.004282	-0.260404	0.426837
53.239849	102.287257	0.499996	-0.002019
62.182270	16.712825	0.006920	-0.499952
95.767588	127.019964	-0.450508	0.216894
30.497956	45.644575	-0.484716	-0.122682
15.870731	120.769136	0.141744	0.479488
50.371056	118.300805	0.214798	-0.451511
25.648622	59.189231	0.367597	-0.338928
38.027816	109.151512	0.408980	-0.287638
29.848724	123.277779	-0.238122	0.439657
0.156978	13.564639	0.352049	0.355052
61.274795	8.627025	-0.404677	0.293661
106.384635	57.194152	-0.204459	0.456285
71.810536	90.276473	0.499577	0.020557
104.008462	93.868761	0.495836	0.064397
62.738657	88.356817	-0.418694	-0.273304
119.474914	121.168077	-0.437869	0.241393
51.318958	126.307677	-0.406702	-0.290850
94.170965	64.514545	0.046074	-0.497873
62.389945	28.720240	-0.341628	-0.365089
51.381917	21.928950	0.334146	-0.371949
13.874162	77.001157	0.005558	0.499969
28.027383	40.542477	-0.498686	0.036228
16.952741	121.183391	0.041753	0.498254
43.145468	95.379652	0.027986	-0.499216
51.982393	126.946695	-0.390638	-0.312093
55.429365	85.949983	0.169650	-0.470339
106.461914	59.051502	0.479606	-0.141345
71.845138	62.784446	-0.027004	0.499270
98.558091	27.561343	0.061703	-0.496178
8.680145	18.571632	-0.350618	-0.356464
60.868970	41.022777	-0.018997	0.499639
82.646571	45.617811	-0.086260	-0.492503
27.663563	113.199553	-0.159574	0.473852
44.712408	48.144362	-0.437798	0.241521
43.301816	99.842179	-0.100675	0.489760
125.396932	42.832339	-0.273096	0.418830
10.637971	53.830530	-0.124612	-0.484223
93.605915	71.832052	-0.126174	0.483818
93.320556	12.850550	-0.192120	0.461617
8.029558	67.410131	-0.285722	-0.410320
7.971244	13.862077	0.478967	-0.143493
10.293318	46.232666	0.253911	-0.430731
50.465183	0.588903	-0.493725	-0.078964
8.832477	6.988281	0.469095	-0.173059
55.406692	61.044594	-0.320147	-0.384065
75.445461	41.093688	0.319694	0.384442
64.975077	88.943622	-0.266835	-0.422847
51.979694	114.999709	0.397226	-0.303664
41.887739	95.323469	-0.220482	0.448763
9.086869	29.855219	0.466080	-0.181022
30.399629	30.104454	-0.178897	-0.466900
58.984611	66.093064	0.271415	0.419921
95.462677	117.331749	-0.438911	-0.239494
8.920593	13.805371	0.499783	-0.014737
125.712408	62.367724	-0.401600	0.297855
28.339341	39.582889	-0.491554	-0.091515
38.870209	76.294857	-0.007665	0.499941
87.625090	96.512820	-0.488397	-0.107091
77.416290	43.789917	0.389982	0.312912
63.217661	91.665028	-0.130873	-0.482568
59.449452	66.522662	0.039095	0.498469
121.576349	105.378557	-0.395153	-0.306356
111.786798	31.825705	0.438655	-0.239962
66.116708	3.063476	0.498939	-0.032554
95.720057	36.344509	0.048796	0.497613
88.567107	92.716808	-0.389793	-0.313148
61.551878	40.682187	-0.131836	0.482306
88.858237	93.326243	-0.464958	-0.183886
125.581048	65.310288	-0.440980	0.235662
56.095918	50.406134	-0.301344	0.398988
19.720026	18.028705	0.371672	-0.334455
114.692164	106.503063	-0.425588	0.262440
97.123927	30.335164	0.001116	0.499999
48.955873	64.026541	0.117571	0.485981
100.456802	120.294007	0.299499	-0.400375
45.550420	124.721451	-0.343147	0.363662
36.696829	12.252779	-0.426262	-0.261344
1.253138	112.385756	-0.499953	-0.006826
115.592486	107.066112	-0.291855	0.405981
87.205271	71.248616	-0.349886	-0.357183
91.150016	83.096135	-0.476079	-0.152802
71.703563	85.392512	0.025416	-0.499354
45.654411	82.653415	0.114531	0.486706
45.175943	78.766857	-0.067522	-0.495420
57.186535	69.775622	-0.473353	-0.161050
18.333156	31.414563	-0.271528	0.419848
58.149632	62.214127	0.314514	0.388691
59.735287	69.364695	-0.213855	0.451958
102.697067	44.081188	0.394409	-0.307314
118.598014	81.704371	-0.483073	-0.128997
78.081449	80.614483	0.021512	0.499537
125.700431	43.370597	0.248685	-0.433769
89.692454	32.558823	-0.287075	0.409375
30.345989	123.873115	-0.235882	0.440862
0.247521	52.324010	0.487902	-0.109322
54.997190	78.387393	-0.440334	0.236866
61.446990	46.995577	-0.495257	-0.068705
12.576819	58.760224	0.152508	0.476174
25.183765	64.371646	-0.494743	0.072312
18.588901	24.356059	-0.021965	-0.499517
6.837132	57.097990	0.073365	0.494588
89.874213	123.028758	-0.484631	0.123015
17.213343	118.038936	0.320465	0.383800
96.900352	73.034312	-0.332987	0.372988
121.063199	11.811869	0.436484	-0.243889
100.167625	59.826255	-0.489338	-0.102705
78.112498	43.902215	0.318881	0.385117
12.862873	125.182756	-0.290549	0.406917
45.896426	82.379723	0.197050	0.459534
95.824756	14.537890	-0.425443	0.262675
88.727128	47.604917	-0.500000	-0.000087
25.196830	84.193825	0.090013	0.491831
93.558917	2.218324	-0.415074	0.278771
95.182641	4.488761	0.491461	-0.092010
5.007956	113.901781	-0.172267	0.469387
77.122328	88.497546	-0.416997	0.275887
4.084966	4.257530	-0.439833	0.237796
27.230811	37.432544	0.498116	-0.043359
104.336206	19.052706	-0.325083	0.379896
108.588379	59.942143	0.448218	-0.221587
8.997321	9.778149	0.499990	0.003174
7.447942	108.192020	-0.398930	-0.301422
106.084257	116.171704	0.083741	0.492938
94.171620	70.168388	-0.255090	0.430034
30.444874	102.195313	-0.471835	0.165443
9.859167	78.314000	0.448146	-0.221733
1.441447	126.924310	-0.499573	0.020657
38.177233	107.026862	0.279790	-0.414388
49.749026	57.113043	0.095463	0.490802
97.766402	0.532661	0.498887	0.033344
37.287184	113.080082	-0.029418	-0.499134
64.275989	87.448934	0.421103	-0.269578
115.793272	107.488687	-0.446387	0.225253
115.524322	3.741989	-0.168096	0.470897
101.613276	78.285181	0.036719	0.498650
5.156307	84.700516	0.496127	0.062113
18.571886	80.851633	0.274152	-0.418140
12.078066	57.179878	0.280029	0.414226
125.525594	83.991745	0.065866	-0.495643
125.949297	102.493626	-0.265525	0.423671
50.209351	72.617309	-0.005206	0.499973
36.046244	78.455394	-0.489342	-0.102685
118.198618	79.060727	-0.391736	-0.310713
11.993938	56.436792	-0.338840	-0.367678
114.038819	52.238770	-0.021236	-0.499549
50.766130	127.356605	-0.255800	-0.429612
87.143230	118.620869	-0.484716	-0.122679
46.776262	13.709528	-0.305009	0.396194
22.070342	89.271016	0.350157	-0.356918
97.029079	11.187526	0.153832	-0.475747
42.227835	118.926399	0.349313	-0.357743
42.741202	118.709197	0.188779	-0.462993
50.792216	14.899991	0.091360	-0.491582
45.205045	81.487056	0.126110	0.483835
65.246494	5.173730	0.491688	-0.090790
91.835130	41.811468	-0.111894	0.487319
43.678217	80.023519	0.082027	0.493226
113.092316	15.589550	-0.450478	-0.216955
71.358842	89.709055	0.484914	-0.121895
55.659721	86.160386	0.226000	-0.446009
98.116937	28.824979	0.108454	-0.488096
7.500496	10.308693	0.484317	-0.124247
4.822463	53.068829	0.418809	-0.273128
64.261834	24.471636	-0.250226	0.432882
31.485694	123.971408	-0.283135	0.412110
109.389408	71.682128	0.302996	-0.397736
3.324471	45.816222	-0.249741	0.433162
65.392488	4.395131	0.496659	-0.057703
20.212884	24.987740	0.193285	-0.461130
1.687314	66.777548	-0.401611	0.297839
109.108274	77.812536	0.177570	-0.467407
65.275912	89.074165	-0.066990	-0.495492
10.508480	58.275791	-0.080254	-0.493517
97.997920	58.107316	0.416960	-0.275943
72.192784	85.564156	0.068984	-0.495218
106.809027	106.374104	-0.499909	-0.009545
55.271912	34.691721	0.337371	0.369027
105.641744	30.238964	0.198645	0.458847
11.900987	5.629814	0.464663	-0.184629
92.430174	12.856517	-0.155764	0.475119
93.910793	39.880599	-0.180061	-0.466453
51.469390	82.110492	0.064021	-0.495884
102.726170	94.367280	0.494321	-0.075146
11.095963	46.290561	0.225473	-0.446275
16.844673	120.491346	-0.070340	0.495028
8.071722	4.965106	0.431801	-0.252087
54.132100	97.704748	0.490754	-0.095710
10.165946	122.428373	-0.474931	0.156336
110.674111	58.085728	0.234692	-0.441497
30.367598	100.625020	-0.479625	0.141278
22.695278	51.141407	0.466010	-0.181203
94.263251	12.791663	0.053654	-0.497113
85.774484	30.037328	0.217642	0.450147
97.479230	36.642676	0.270524	-0.420496
51.764427	126.884775	-0.299440	-0.400420
95.896483	103.405672	0.497757	-0.047308
37.994197	80.588148	-0.451439	0.214948
40.508109	122.676510	-0.338997	0.367533
69.453734	102.221918	-0.456287	0.204457
86.319182	41.686138	-0.426221	0.261411
51.462058	127.103711	-0.401758	-0.297641
77.176053	84.905562	0.473776	0.159802
104.800585	105.834540	-0.487365	-0.111695
58.371892	2.958719	0.393582	0.308372
19.209964	80.422681	0.342198	-0.364555
14.924842	119.488881	-0.073843	-0.494517
31.831983	122.451908	-0.206742	0.455256
38.577716	36.614537	0.228475	0.444746
114.790584	105.597263	0.468437	0.174833
46.437967	31.726231	0.377290	-0.328104
54.588578	77.502066	-0.453068	0.211492
57.454556	68.775472	-0.485957	-0.117668
52.374408	115.742027	0.464814	-0.184249
23.575764	121.143488	0.326476	-0.378700
75.506334	81.572705	-0.286741	-0.409609
85.210180	101.565979	-0.470050	-0.170450
24.758291	33.571758	-0.499959	0.006439
42.010743	11.378642	-0.247551	-0.434418
38.298362	107.929811	0.265172	-0.423891
101.535762	77.574868	0.183405	0.465148
66.212926	64.302923	-0.450517	-0.216874
87.281131	32.075509	-0.347995	0.359026
54.682452	95.329003	0.362086	-0.344810
50.080381	0.634259	-0.465833	-0.181657
108.490544	58.922506	0.459039	-0.198199
102.899258	63.419483	0.304876	0.396296
102.444875	36.817471	-0.495710	-0.065355
43.770837	6.113367	-0.344786	0.362109
32.050282	65.928651	0.356339	-0.350745
16.537258	9.670875	0.498050	0.044111
81.514335	51.803166	0.445688	-0.226633
40.289386	19.626736	0.454687	-0.207990
9.626030	18.429724	0.429814	0.255461
72.415082	86.227824	0.141137	-0.479667
59.272640	75.822035	-0.062976	0.496018
65.811010	81.665172	-0.499399	0.024514
9.530791	19.100650	0.298201	0.401343
53.893891	65.041206	-0.457547	0.201619
46.176937	40.008289	-0.475309	-0.155183
50.740321	81.955713	0.181111	-0.466046
9.717920	112.875909	0.494704	-0.072581
59.621636	67.864125	-0.214583	0.451613
52.404021	127.071295	-0.373370	-0.332558
115.060822	52.817495	0.116593	-0.486216
35.459649	6.108615	-0.175321	-0.468255
17.530954	57.179562	-0.432839	0.250301
120.195100	9.142938	0.327269	-0.378015
88.732461	92.697655	-0.448120	-0.221785
100.655979	59.588309	-0.492353	-0.087113
52.413024	107.502329	0.343185	-0.363626
12.684988	75.418777	-0.175379	0.468233
103.711744	63.278175	0.200843	0.457889
111.386547	92.082715	0.499392	-0.024652
100.380264	27.221956	0.325275	-0.379732
45.591692	127.422004	-0.300292	0.399781
66.359671	5.152738	0.497158	-0.053236
67.720395	92.844256	0.192323	-0.461532
84.715677	53.447042	-0.498734	-0.035564
86.955237	122.223709	0.062406	-0.496090
105.544188	60.486155	0.240598	-0.438307
65.344732	54.098498	-0.010269	0.499895
52.141065	93.363833	0.400337	-0.299550
54.775932	62.026429	-0.346266	-0.360694
108.175589	127.793491	-0.170933	0.469874
48.732911	78.619374	0.144456	-0.478678
62.513228	25.136558	0.473320	-0.161146
94.035038	65.014377	0.005584	-0.499969
69.409490	84.363231	0.474255	0.158374
88.860061	110.173208	0.452290	-0.213151
107.571115	9.806959	-0.119871	0.485418
98.759505	28.336658	0.183514	-0.465105
62.309823	14.364823	-0.475692	0.154003
65.413545	97.346057	-0.379980	0.324985
12.395730	59.489370	0.194172	0.460757
54.655334	32.764937	-0.338004	-0.368447
38.351220	105.489975	-0.152947	0.476033
38.277407	101.339642	-0.499352	0.025453
78.142369	120.151438	-0.288048	-0.408691
68.272129	93.604259	0.336788	-0.369559
84.446847	106.985048	-0.498842	-0.034009
61.964848	16.349105	0.007852	-0.499938
90.822595	93.359221	-0.412472	-0.282607
108.353157	56.418657	0.247311	-0.434554
46.679968	21.798539	0.489339	0.102699
95.135272	126.751043	-0.484511	0.123486
119.017880	65.929993	0.120392	-0.485289
22.382360	39.791549	0.418745	-0.273226
99.889038	41.178018	0.191939	0.461692
98.965165	72.133328	-0.149463	0.477138
112.126289	105.240701	-0.296976	0.402251
49.583738	57.400013	-0.001324	0.499998
87.830727	32.733347	-0.234060	0.441832
58.167341	68.962871	-0.499354	0.025401
8.680333	114.435186	0.493062	-0.083005
9.896318	19.653627	0.371849	0.334258
63.380029	97.238165	0.475752	0.153817
98.571189	85.015236	-0.272564	0.419176
115.793612	107.157935	-0.394294	0.307461
95.621553	95.094345	-0.458158	-0.200229
23.139184	38.971803	0.223349	-0.447343
28.121586	81.654013	0.083131	-0.493041
1.481043	32.882917	0.479869	-0.140448
96.553987	7.078322	0.244756	-0.435998
23.235171	27.713227	0.253132	-0.431189
88.790062	123.562100	-0.480867	0.136994
121.840921	102.755101	-0.430485	-0.254328
26.229403	71.674754	0.486497	-0.115413
64.653786	3.655971	0.494516	0.073852
98.827312	64.409539	-0.145397	0.478393
85.540820	101.199210	-0.480283	-0.139026
112.272684	31.295089	0.358343	-0.348698
61.930337	79.780174	0.442926	0.231985
15.654288	16.279809	0.486405	-0.115800
118.054629	66.375696	0.067194	-0.495464
18.496707	80.946479	0.396879	-0.304117
92.746234	11.985057	-0.149056	0.477265
94.940532	7.481536	0.486223	-0.116564
124.103739	3.796688	-0.480765	0.137351
65.538492	15.989474	0.424884	-0.263578
98.029687	92.415255	0.108691	0.488043
85.829237	90.964582	-0.437232	0.242544
66.462119	2.491187	0.485749	-0.118526
68.369410	70.393926	0.418444	-0.273687
95.737540	34.552428	0.096846	-0.490531
12.339471	75.334090	-0.156187	0.474980
49.843072	90.435101	-0.272334	0.419326
10.453202	19.476576	0.347278	0.359719
10.072535	122.630736	-0.439587	0.238251
124.841152	75.469750	0.217246	-0.450338
27.575991	4.693825	-0.369325	0.337044
112.835009	46.942373	0.300090	-0.399932
127.822099	11.404526	0.458862	0.198609
89.726758	123.555444	-0.495834	0.064411
112.780752	63.296227	-0.490952	0.094692
32.530229	122.952099	-0.290139	0.407209
32.591088	113.041529	0.499392	-0.024651
32.096896	111.987465	-0.484537	-0.123384
89.699535	122.745102	-0.441305	0.235052
45.802347	21.627314	0.498611	0.037238
29.392943	10.063728	-0.470775	0.168435
33.919091	0.778593	0.450980	0.215909
107.254386	30.594635	0.331219	-0.374558
46.090187	39.284969	-0.494298	-0.075298
122.865102	121.640738	-0.471582	0.166163
85.638513	103.417416	-0.477890	-0.147040
98.456240	64.605096	-0.239042	0.439157
32.825217	112.762904	0.489120	0.103740
114.730217	20.704849	0.498112	0.043411
97.226752	38.160125	-0.266898	0.422807
55.437011	96.766450	0.097124	-0.490476
64.511939	54.735040	0.171973	0.469495
102.391031	94.546585	0.499976	-0.004871
87.715888	95.685006	-0.457435	-0.201874
10.762244	113.683822	0.494843	0.071630
54.480161	84.596599	0.252328	-0.431660
13.148272	114.241506	-0.292993	0.405160
48.721252	57.037078	-0.056680	0.496777
54.277184	72.569565	-0.238805	0.439286
57.935424	104.892190	0.492489	-0.086338
20.793299	68.272241	0.030320	0.499080
42.018844	9.661156	-0.252840	-0.431360
47.171845	68.106738	-0.145192	-0.478455
35.933352	39.130880	0.499964	0.006039
81.255772	109.547502	-0.480072	0.139754
98.363221	64.278653	-0.093888	0.491106
17.330790	78.271015	0.031952	-0.498978
93.586359	72.542412	0.378555	0.326644
126.335769	94.883693	0.412209	0.282991
70.898836	11.008995	-0.308790	0.393254
40.346814	25.169769	-0.484850	-0.122151
87.264447	121.302899	-0.467855	0.176385
46.736152	31.625188	0.366554	-0.340056
64.664980	53.325578	-0.083743	0.492937
7.808586	4.467057	0.412139	-0.283092
62.808083	6.556105	-0.485502	0.119534
41.093754	72.142308	-0.300986	0.399259
91.865213	36.342422	-0.226183	-0.445916
84.177041	53.905867	0.496984	-0.054831
81.826077	23.334655	-0.429870	0.255367
100.032097	91.836096	0.233472	0.442143
19.621216	5.716417	0.442841	0.232145
81.410810	116.702861	-0.334882	-0.371287
97.795048	17.459067	0.075355	0.494289
2.698920	35.944354	0.462722	0.189443
12.341361	114.586207	-0.387716	0.315715
10.085372	18.495875	0.388880	0.314280
92.335149	13.625006	-0.307201	0.394497
14.285247	113.032834	0.135094	0.481404
70.995613	106.149069	-0.382034	-0.322568
15.250514	57.684784	0.327740	0.377607
115.369804	85.434031	0.201105	0.457774
118.182959	78.399092	0.052363	0.497251
16.650475	44.442107	-0.098974	0.490106
51.987944	115.074114	0.385868	-0.317972
49.050803	32.887026	0.058583	0.496556
103.177411	104.469166	-0.497389	-0.051028
87.540590	119.435258	-0.493700	-0.079121
120.690173	11.150427	0.471404	-0.166669
92.361134	4.278854	0.455149	-0.206976
112.465014	48.787349	0.234027	-0.441850
100.557885	119.790181	0.383351	-0.321001
109.955770	80.593493	0.076818	-0.494064
32.381815	29.015900	0.470995	-0.167820
24.609528	93.140557	-0.358236	-0.348808
66.760089	19.351301	0.332062	-0.373811
74.890474	100.568611	-0.031089	-0.499033
45.264100	73.399950	-0.033607	0.498869
71.470156	88.020925	0.499030	-0.031125
100.684390	41.065536	0.135846	0.481192
88.864138	36.555073	0.247199	0.434618
34.308735	122.363538	-0.221262	0.448378
121.287058	2.618695	0.112544	0.487169
48.229514	64.069068	0.164108	0.472301
85.729550	95.329797	0.039791	0.498414
95.352549	14.507996	-0.430990	0.253471
106.832287	59.124992	0.410050	-0.286110
89.911175	124.253099	-0.473250	0.161351
44.532572	118.947878	0.381455	-0.323253
38.620457	108.781471	0.354900	-0.352201
56.345866	51.411037	-0.341902	0.364833
76.960543	53.325633	-0.244694	-0.436033
40.520436	48.174130	0.215917	-0.450977
115.448395	105.720123	-0.426194	0.261455
89.390421	86.665168	0.237863	-0.439797
126.049509	66.576521	-0.439397	0.238601
38.576246	76.365515	-0.010455	0.499891
88.786849	87.164848	0.358054	-0.348995
61.574388	52.414327	-0.321650	-0.382807
97.020614	35.402504	0.215998	-0.450938
112.035440	47.823279	0.228394	-0.444788
85.274367	16.922006	0.240614	0.438298
59.254589	68.654958	-0.269194	0.421349
57.599440	68.027814	-0.458234	-0.200054
52.577189	87.643036	0.043611	-0.498094
32.582824	29.300032	0.436023	-0.244711
38.907181	107.230103	0.242280	-0.437379
17.145790	121.086855	-0.141452	0.479574
61.965165	1.829024	0.472384	-0.163870
28.249990	25.512272	-0.487636	0.110503
2.965472	47.298590	-0.158170	0.474323
102.982467	103.890266	-0.470229	-0.169954
125.022292	51.681419	0.377527	-0.327831
1.611241	15.215102	-0.362344	0.344539
99.194642	72.062884	-0.250718	0.432597
95.878921	46.093548	0.405733	-0.292200
115.550956	85.131980	0.377787	0.327532
108.610623	59.200945	0.452720	-0.212236
51.604905	114.475774	0.445943	-0.226130
58.644099	76.312614	-0.264162	0.424522
79.690554	37.284084	-0.479813	-0.140639
31.215783	54.356470	0.335121	-0.371071
62.683210	88.961989	-0.292711	-0.405364
109.376608	32.150409	0.349844	-0.357224
50.123849	6.510373	0.129405	-0.482964
98.897423	71.827640	-0.327295	0.377992
48.883833	57.329239	0.027536	0.499241
107.281717	59.111493	0.395721	-0.305622
48.041783	58.867143	-0.085491	0.492637
100.271357	64.679262	0.045336	0.497940
82.749735	103.867333	0.492604	0.085681
52.869097	92.881534	0.444344	-0.229255
110.655197	81.002985	0.019052	-0.499637
64.551432	41.621007	-0.054155	0.497059
53.142903	95.628878	0.360677	-0.346284
51.141154	90.078439	0.272723	-0.419073
103.337001	63.642062	0.256437	0.429232
87.959736	95.781301	-0.447651	-0.222730
29.031908	9.337434	-0.460253	0.195365
56.788541	91.108775	-0.406669	-0.290896
63.866571	0.509483	-0.168698	0.470682
22.443050	39.344915	0.259085	-0.427639
55.550701	95.202247	0.321066	0.383297
25.826681	8.490053	0.308194	0.393721
50.664055	15.830188	-0.090324	-0.491774
38.483381	109.436048	0.379996	-0.324966
108.363379	40.548587	0.462575	0.189802
47.836389	1.288839	0.477147	-0.149434
71.247320	78.340099	-0.322410	0.382167
60.559764	31.616083	-0.494551	-0.073613
53.515472	118.965338	0.362102	-0.344793
18.386279	81.788091	0.320896	-0.383439
53.742759	120.200283	0.331406	-0.374393
72.768668	85.994886	0.204182	-0.456410
55.714550	85.185796	0.133158	-0.481943
87.518861	79.157018	-0.058230	-0.496598
8.449807	18.427754	-0.402004	-0.297309
49.775859	90.277961	-0.272326	0.419331
0.215046	34.324808	0.442093	0.233567
24.073402	15.529613	-0.475316	0.155162
9.400489	21.051147	0.208395	0.454502
110.409407	11.196462	0.222957	-0.447538
122.218709	6.150513	0.063097	0.496003
9.805935	125.732863	-0.017985	-0.499676
99.498996	71.981650	-0.240630	0.438289
27.116315	110.323507	0.476637	0.151055
42.990152	69.276607	0.160538	-0.473527
76.718198	11.742919	0.129218	0.483014
36.317199	6.310765	-0.113844	-0.486867
38.801059	74.764351	0.000477	0.500000
43.645198	55.626068	0.329400	-0.376159
61.761088	64.734969	0.311327	-0.391248
32.505130	63.695425	-0.029450	0.499132
68.910587	102.794425	-0.441003	0.235620
81.237637	38.988034	0.451069	-0.215723
1.993607	32.678319	-0.235553	-0.441038
51.891514	22.656823	0.444911	-0.228155
49.429247	18.970558	-0.165748	0.471728
15.830669	58.413409	0.352010	0.355090
118.119772	5.661802	-0.091414	0.491572
100.330920	1.181055	-0.499999	-0.000803
28.109945	113.246279	-0.270016	0.420822
109.762238	28.210278	0.350133	0.356941
101.747854	53.532833	-0.466093	-0.180989
10.591566	49.432751	0.442879	-0.232073
83.140131	24.169335	0.481904	-0.133300
70.260133	77.233857	-0.357003	0.350069
37.158802	74.549347	-0.106618	0.488500
33.769035	104.608287	-0.479701	0.141022
123.281884	114.263608	-0.366375	-0.340249
63.782450	92.161805	-0.114628	-0.486683
98.231342	10.455982	0.263422	-0.424981
126.215616	66.039844	-0.420450	0.270596
108.590936	63.536580	0.390486	-0.312284
45.759113	98.683389	-0.499965	-0.005880
8.530908	7.726942	0.461329	-0.192809
94.337692	99.712110	-0.369699	-0.336634
106.950239	59.417319	0.464171	-0.185864
96.383944	32.720059	0.499992	0.002767
75.431715	4.738666	-0.370613	-0.335628
53.149672	91.748268	-0.338824	0.367693
59.671281	68.692848	-0.122699	0.484711
89.098783	90.971603	-0.407783	-0.289332
96.428129	72.110604	-0.364625	0.342123
29.439894	124.117035	-0.256019	0.429482
62.028952	101.095150	0.424785	0.263738
44.476874	6.122524	-0.413372	0.281290
97.106049	30.461314	-0.092411	0.491386
126.164775	64.079889	-0.474409	0.157912
86.205268	91.450768	-0.456836	0.203225
64.821393	47.657210	-0.282182	0.412763
101.918528	40.994251	-0.405983	0.291853
28.556873	81.287146	-0.031748	-0.498991
119.904061	10.876729	0.386329	-0.317411
92.659891	76.526368	-0.482285	-0.131912
98.935865	60.207961	0.069934	-0.495085
69.480073	77.587150	-0.401111	0.298513
42.531003	39.610020	0.095266	0.490840
113.555298	85.786729	0.497193	-0.052904
49.468190	96.767046	-0.223469	0.447283
111.986340	48.239920	0.259913	-0.427136
42.977570	96.791677	-0.105041	0.488842
59.782443	67.522571	-0.167313	0.471176
81.534452	28.419566	0.499400	-0.024484
42.376153	20.873718	0.094022	0.491080
51.834248	127.469708	0.425915	0.261909
55.312794	123.642506	-0.132889	0.482017
50.106035	6.818424	0.134791	-0.481489
57.088729	91.797750	0.439817	0.237826
102.443610	63.359442	0.333328	0.372683
55.474474	61.298418	-0.334610	-0.371532
101.975564	78.175614	0.019167	0.499632
87.737710	5.574616	0.498840	0.034036
98.332521	126.159920	-0.481362	-0.135243
50.261737	90.345640	-0.171098	0.469814
25.320976	97.083044	0.448097	-0.221832
118.322473	79.500790	-0.409066	-0.287515
47.489113	3.580826	0.379976	-0.324989
124.774079	105.725357	0.157803	-0.474445
45.215269	29.046970	0.327896	0.377471
72.100563	42.876625	0.444171	-0.229591
85.564966	108.618764	-0.485409	-0.119909
58.081486	68.807460	-0.499276	-0.026899
37.861225	127.731622	-0.346717	0.360260
12.746142	71.331069	0.456977	0.202910
88.074762	96.116127	-0.407163	-0.290204
88.599408	92.562444	-0.374614	-0.331156
2.894700	35.507348	0.484757	0.122518
54.436245	99.539357	0.379228	-0.325862
46.894906	126.791920	-0.259245	0.427542
16.060575	97.733257	-0.468230	-0.175386
64.648037	23.687323	-0.382002	0.322605
22.546995	57.185741	0.199213	-0.458600
38.512387	75.812517	-0.036935	0.498634
27.465855	37.666496	0.496511	0.058967
85.658602	96.136713	-0.369526	-0.336824
70.766599	78.420641	0.391329	-0.311226
67.770863	125.882695	0.484232	0.124578
26.388304	34.936486	0.440553	-0.236459
52.083671	13.600884	-0.137748	-0.480651
51.325635	57.848979	0.092325	0.491402
54.538948	86.133362	0.104485	-0.488961
59.016896	41.326152	0.007401	0.499945
112.275675	48.163533	0.212578	-0.452560
37.077459	69.645525	-0.401023	0.298631
75.633879	5.511891	-0.329936	-0.375689
20.445429	5.344459	0.481604	0.134379
0.482935	12.690408	0.401967	0.297360
47.050615	13.832181	-0.366198	0.340439
70.567577	31.432765	-0.430428	0.254424
10.973842	37.125216	0.087267	-0.492326
107.479766	59.722076	0.499727	-0.016510
88.984792	2.086301	0.274373	-0.417995
101.255356	59.644054	-0.490467	0.097172
123.324753	122.982949	-0.345215	0.361699
113.946962	32.562791	0.462111	-0.190927
37.683692	127.146638	-0.376280	0.329261
29.762480	5.736489	-0.500000	-0.000215
106.051679	59.039622	-0.393914	0.307948
17.496960	119.785170	-0.075035	0.494338
34.027327	103.581685	0.467382	-0.177636
97.787337	73.262883	-0.288264	0.408539
108.448248	30.747696	-0.413664	0.280859
27.013173	110.473862	0.438450	0.240337
8.241255	9.354684	0.491184	0.093481
25.419548	93.991838	0.369805	0.336518
38.792253	111.165963	0.458354	-0.199780
68.461170	82.296466	-0.494184	-0.076039
92.095992	76.784238	-0.482155	-0.132389
59.896815	67.942809	-0.141167	0.479658
75.584753	4.703869	-0.271312	-0.419988
65.239718	54.764926	0.125522	0.483988
110.120172	68.250820	-0.487838	0.109611
46.743828	37.670353	-0.451598	-0.214614
7.191425	1.110225	0.486154	0.116850
87.542262	36.374076	0.430229	0.254761
123.127707	115.205244	-0.308171	-0.393740
9.362868	58.322587	0.109763	-0.487803
11.792278	18.388915	-0.314102	0.389025
72.273124	85.190466	0.091497	-0.491557
99.054535	126.507019	0.491073	0.094058
84.127580	53.714063	0.495919	-0.063754
28.621411	113.371152	-0.157452	0.474562
54.352382	78.131275	-0.445021	0.227939
64.590102	54.046048	-0.056062	0.496847
54.906481	84.962077	0.172130	-0.469437
73.950573	11.434448	-0.170319	-0.470097
14.562541	98.570245	0.210256	-0.453644
53.013096	119.342993	0.363948	-0.342844
18.708259	101.422849	-0.302531	-0.398089
87.376285	95.446974	-0.448499	-0.221018
90.193551	122.201279	-0.477984	0.146737
59.851955	46.870437	-0.499742	-0.016071
67.187983	5.908555	0.497630	0.048621
97.023938	29.990970	0.023367	0.499454
34.248643	105.119266	-0.415748	0.277766
51.173235	14.761994	0.000265	-0.500000
35.868248	33.137511	-0.458397	0.199681
65.986458	52.334374	-0.413556	0.281018
13.222340	114.100478	-0.278647	0.415158
76.418333	29.527719	-0.473158	0.161623
48.121683	60.139526	-0.228787	0.444586
66.355013	4.834669	0.498182	-0.042605
77.240889	7.020463	-0.073755	-0.494530
4.623805	113.077777	-0.312442	0.390359
15.361214	81.547151	0.495733	-0.065179
8.710969	18.176939	-0.386186	-0.317585
38.714873	0.150361	-0.383365	0.320985
59.348499	87.300864	0.234453	-0.441624
12.669320	18.431143	-0.468930	0.173508
115.166116	106.953276	-0.287238	0.409261
16.093279	115.774193	-0.487234	0.112263
22.048223	57.912241	-0.146300	0.478117
32.058811	33.080951	-0.081196	-0.493363
53.898661	28.342918	-0.256928	0.428938
59.652888	41.246225	0.029349	0.499138
24.717201	87.233131	0.048315	0.497660
16.320618	22.236779	-0.396328	0.304835
60.815951	47.036775	-0.494906	0.071192
92.064689	65.856554	0.260453	-0.426807
50.686220	89.898156	-0.093025	0.491270
66.905245	55.594206	0.473408	0.160889
45.756972	27.544549	0.463034	0.188678
88.044682	92.349271	-0.457755	-0.201147
32.018945	28.681163	0.407783	-0.289332
91.999695	79.460821	0.111985	-0.487298
119.509299	98.986525	0.158319	-0.474273
107.021303	77.615355	-0.083134	-0.493040
20.289984	17.852082	0.379614	-0.325413
64.814907	83.273097	-0.493496	-0.080383
50.006920	15.553942	-0.011946	-0.499857
77.599813	19.069783	-0.390789	-0.311903
20.538364	98.506622	-0.056935	-0.496748
46.360725	126.847607	-0.271985	0.419553
101.322740	125.328075	-0.015359	-0.499764
90.743017	83.454597	-0.109524	-0.487857
118.000979	4.254195	0.021016	0.499558
50.467715	14.772609	-0.009997	-0.499900
89.730074	91.679360	-0.319005	-0.385014
87.344970	5.705179	0.486728	0.114436
53.860136	3.945862	0.436060	0.244645
101.986653	40.086475	-0.454374	0.208672
32.215833	34.117017	-0.049428	0.497551
127.836255	13.109515	0.365380	0.341317
110.272160	10.765718	0.335314	-0.370897
83.937489	53.649739	0.488731	-0.105558
93.865569	5.598913	-0.458754	0.198859
11.981600	78.293950	0.128779	0.483132
17.167685	58.844801	0.495074	0.070016
126.324886	64.350634	-0.431226	0.253069
112.398711	32.421598	0.339938	-0.366664
106.846036	104.178764	0.365462	0.341230
98.671124	71.608643	0.243459	-0.436724
46.670882	125.756931	-0.266225	0.423231
103.008517	93.852876	0.499611	-0.019716
70.143911	77.336318	-0.295554	0.403296
112.735247	105.105411	-0.299357	0.400482
16.475782	98.416969	-0.455595	-0.205993
93.294725	75.702681	-0.052581	0.497228
122.048803	6.974171	0.043007	0.498147
55.594071	98.548538	0.280971	-0.413588
22.107731	122.974100	0.301866	0.398594
51.038312	38.330320	-0.354953	0.352148
5.634058	53.541668	0.426044	-0.261700
50.158393	74.318410	0.077356	0.493980
117.538184	51.587434	-0.123001	-0.484635
86.999529	119.304712	-0.483023	-0.129184
84.148736	108.673146	-0.491948	-0.089373
84.722227	103.131443	-0.487079	-0.112932
90.009105	81.376077	0.017238	-0.499703
55.948010	59.200591	-0.344934	-0.361968
78.003902	6.149190	-0.001378	0.499998
125.438003	86.152663	0.053024	0.497180
42.083578	95.692273	-0.183766	0.465005
113.212348	47.803801	0.310462	-0.391936
48.226235	4.257566	0.446121	-0.225780
88.804611	86.196021	0.428769	-0.257211
117.977967	5.707357	-0.074254	0.494456
12.952810	50.456555	0.344720	-0.362172
49.554203	102.505353	0.499994	-0.002347
35.709539	123.200590	-0.119120	0.485603
50.755070	57.648414	0.035697	0.498724
72.472106	77.344868	-0.272137	0.419454
124.636485	52.469777	0.443293	-0.231282
68.917824	60.219386	-0.231318	-0.443274
59.485367	26.845045	0.458780	-0.198799
17.720699	120.562542	-0.086732	0.492420
122.252403	53.548541	0.299285	-0.400535
53.977570	64.657512	-0.398500	0.301990
104.315366	75.141737	0.063541	-0.495946
88.390895	87.768613	0.295424	-0.403392
76.038059	36.450030	-0.467018	0.178590
32.633112	113.605689	-0.480627	0.137832
49.781225	90.833284	-0.174847	0.468432
43.112555	123.004451	-0.486073	0.117189
7.780297	18.169489	-0.423913	-0.265137
13.191145	48.373673	0.202270	0.457260
9.393760	19.960977	0.402938	0.296042
92.306513	55.557911	-0.263088	0.425188
65.296823	55.130800	0.092399	0.491388
67.750788	5.554480	0.449153	0.219686
97.079059	35.983924	0.120792	-0.485190
113.207763	106.104190	0.483104	0.128884
36.686752	77.376473	-0.383558	-0.320754
87.619581	34.582900	0.317199	0.386503
99.121346	28.611019	0.135633	-0.481252
126.222321	15.823843	0.438440	0.240355
88.341543	36.130047	0.451087	0.215686
72.785166	85.935366	0.115221	-0.486543
30.533774	124.322148	-0.252884	0.431335
107.923246	60.560700	0.496540	-0.058722
39.134126	74.704651	0.047394	0.497749
22.317098	121.882046	-0.253530	0.430955
49.048735	50.768060	0.178679	-0.466984
54.701831	57.766957	0.004260	-0.499982
10.378832	48.104997	0.366560	-0.340050
3.184872	114.010561	0.341661	-0.365059
69.436032	82.290705	-0.473372	-0.160993
10.470855	14.196400	-0.100139	-0.489870
41.846624	96.227596	-0.168357	0.470803
61.072745	71.443481	0.066265	-0.495590
125.900749	83.404977	0.006539	-0.499957
23.651784	118.713191	-0.499955	-0.006703
67.422049	18.964444	0.418786	-0.273164
115.892678	74.319521	0.245473	0.435595
102.892124	70.292845	0.125939	0.483879
24.148484	54.370214	0.104343	-0.488991
37.094181	38.532431	0.496378	-0.060076
94.967029	52.139173	0.279169	0.414807
8.086248	17.999345	-0.341583	-0.365131
44.999991	88.205763	-0.379382	0.325682
20.458978	78.828911	-0.426417	0.261091
100.512407	41.016191	0.159052	0.474028
4.669167	112.629918	-0.327349	0.377945
16.636387	23.182069	0.351141	-0.355950
50.437566	13.839045	0.027750	-0.499229
20.826737	68.028998	0.113644	0.486914
38.124749	112.020017	0.422563	-0.267283
29.876161	5.545527	-0.499791	0.014462
49.549956	102.991372	0.493588	-0.079821
44.441343	69.224628	-0.148975	-0.477291
122.311088	105.013397	-0.369448	-0.336910
75.537635	109.430053	-0.484395	-0.123941
81.404921	6.889382	-0.083503	-0.492978
96.172040	94.928910	-0.494893	-0.071278
46.632295	14.204346	-0.181825	0.465768
54.978139	78.431902	-0.464692	0.184557
72.004408	86.234374	0.014574	-0.499788
66.180219	1.610625	0.462567	-0.189820
59.604917	90.161672	-0.158305	-0.474278
104.357179	80.196023	0.425896	-0.261940
45.444392	88.007396	-0.386520	0.317178
2.591147	18.242757	-0.424928	0.263507
8.770483	36.037086	-0.130876	-0.482567
101.148734	78.784778	0.048711	0.497622
61.382375	49.873358	0.496927	-0.055349
81.706174	109.899297	-0.499937	0.007914
66.539321	2.192301	0.499686	-0.017722
53.514623	83.856277	0.242860	-0.437057
22.552754	52.314698	0.468364	-0.175030
100.175966	41.011555	0.185970	0.464128
114.383487	54.010305	-0.041733	-0.498255
26.117314	63.809066	-0.499917	0.009124
121.074285	102.609679	-0.455978	-0.205145
58.070294	7.596273	-0.495618	0.066054
100.215778	90.162677	0.345819	0.361122
48.837733	72.458873	0.207572	-0.454878
120.286904	124.769613	0.136627	-0.480971
31.643176	63.679186	-0.192542	0.461441
50.229723	20.706077	0.487560	-0.110840
92.539841	76.340592	-0.454058	-0.209358
38.796600	112.019872	0.442238	-0.233292
28.676173	109.553156	-0.438904	0.239507
82.396458	127.032367	-0.281397	-0.413299
96.363779	71.843883	-0.414729	0.279284
71.849570	90.688367	0.493315	-0.081489
61.095825	100.891517	0.421701	0.268641
77.341683	71.404975	0.484102	0.125082
20.959373	39.055792	0.402169	-0.297086
125.484920	2.023989	-0.479867	0.140456
16.009574	44.104245	0.024436	0.499403
60.091424	89.289845	-0.146993	-0.477905
9.392756	18.653263	0.457355	0.202054
94.850596	127.129386	-0.496261	0.061035
22.978912	105.810425	-0.254998	-0.430089
3.996907	112.690152	-0.289297	0.407808
65.732513	2.322587	0.499724	0.016621
125.293177	105.451626	0.037756	-0.498572
115.040487	52.613212	0.105936	-0.488649
95.359786	45.649893	0.479166	-0.142828
34.714847	56.510439	0.083485	0.492981
94.221322	79.784571	-0.290895	-0.406670
70.533438	11.508570	-0.270095	0.420771
32.977861	97.723470	-0.489746	0.100741
71.177225	77.743365	-0.341564	0.365149
87.703672	119.196962	-0.471214	-0.167206
3.448650	113.994975	0.416284	-0.276962
0.699014	15.155235	-0.418890	0.273004
13.649705	113.150834	0.180791	0.466170
19.157707	60.302389	0.458320	0.199857
91.177587	76.657946	0.015339	0.499765
100.430490	40.882581	0.270083	0.420779
89.156936	123.567987	-0.490901	0.094956
64.101649	92.448287	-0.007976	-0.499936
69.872945	64.043172	0.172453	-0.469319
91.797526	93.720169	0.340242	0.366382
52.968066	126.090665	-0.356727	-0.350351
45.959173	115.817886	-0.282565	0.412501
96.352631	73.488500	-0.350448	0.356632
97.005434	37.937628	-0.296631	0.402505
53.656240	3.275916	0.410388	0.285625
11.312336	58.228788	-0.170755	-0.469939
89.256185	81.614305	-0.168130	-0.470885
78.431858	80.417171	0.010879	0.499882
59.870795	93.826883	0.469713	-0.171377
99.492602	85.133625	-0.281931	0.412934
45.233397	37.587808	-0.494251	-0.075603
118.045100	67.311420	-0.122403	-0.484786
46.786995	124.679367	-0.331026	0.374729
69.080984	60.117575	-0.278156	-0.415487
50.878054	14.282441	0.086394	-0.492479
101.948416	41.434551	-0.449095	0.219804
32.366150	114.046901	0.497678	0.048129
113.281400	107.189423	0.482586	0.130810
50.830233	117.401875	0.362723	-0.344140
99.050791	72.766534	-0.176181	0.467932
94.351327	0.227490	-0.175232	0.468288
113.682959	68.991432	0.488236	-0.107822
90.151073	84.120977	0.465112	0.183495
55.358423	84.782521	0.230005	-0.443957
12.146564	46.398689	-0.499987	-0.003656
106.546932	31.926068	0.070012	-0.495074
